../data/samples48/part/1509071331219445276_002.png -1 0.146067 0.0422535 -0.179775 -0.0140845
../data/samples48/part/1509071303984321570_001.png -1 0.108108 0.133333 -0.162162 -0.0666667
../data/samples48/part/1509071303432841679_000.png -1 0.114286 0.0294118 -0.157143 -0.102941
../data/samples48/part/1509071339865913619_000.png -1 0.125 0.0625 -0.196429 -0.0535714
../data/samples48/part/1509071371939267444_001.png -1 0.128571 0.0714286 -0.178571 -0.1
../data/samples48/part/1509071340137540204_000.png -1 0.12931 0.0695652 -0.163793 -0.0521739
../data/samples48/part/1509071363084116501_002.png -1 0.0632911 0.0126582 -0.202532 -0.113924
../data/samples48/part/1509071361204133333_000.png -1 0.101266 0.0625 -0.126582 -0.1125
../data/samples48/part/1509071375538499247_001.png -1 0.119048 0.0128205 -0.178571 -0.102564
../data/samples48/part/1509071375538499247_003.png -1 0.1125 0.0253165 -0.15 -0.101266
../data/samples48/part/1509071325618553681_002.png -1 0.0877193 0.079646 -0.175439 -0.0619469
../data/samples48/part/1509071343852432638_000.png -1 0.15625 0.0206186 -0.15625 -0.0618557
../data/samples48/part/1509071370143959749_001.png -1 0.132812 0.0859375 -0.15625 -0.0546875
../data/samples48/part/1509071366877136801_000.png -1 0.116883 0.0649351 -0.168831 -0.038961
../data/samples48/part/1509071363781659109_002.png -1 0.0945946 0.027027 -0.189189 -0.0810811
../data/samples48/part/1509071377360605835_000.png -1 0.160494 0.012987 -0.17284 -0.0519481
../data/samples48/part/1509071377360605835_005.png -1 0.168831 -0.027027 -0.12987 -0.0540541
../data/samples48/part/1509071325555680848_000.png -1 0.0892857 0.0442478 -0.160714 -0.0973451
../data/samples48/part/1509071325555680848_003.png -1 0.0762712 0.115044 -0.211864 -0.0265487
../data/samples48/part/1509071331464428445_002.png -1 0.126437 0.056338 -0.172414 -0.056338
../data/samples48/part/1509071307967292395_001.png -1 0.111111 0.0683761 -0.179487 -0.0683761
../data/samples48/part/1509071373012431611_000.png -1 0.12381 0.0571429 -0.161905 -0.0761905
../data/samples48/part/1509071365574477231_000.png -1 0.135802 0.0617284 -0.123457 -0.0740741
../data/samples48/part/1509071365027667955_003.png -1 0.0740741 0.0123457 -0.197531 -0.111111
../data/samples48/part/1509071323946193884_000.png -1 0.12963 0.0733945 -0.12963 -0.0550459
../data/samples48/part/1509071323946193884_002.png -1 0.12037 0.0740741 -0.138889 -0.0462963
../data/samples48/part/1509071298190268772_000.png -1 0.184 0.016129 -0.152 -0.0725806
../data/samples48/part/1509071300566234652_000.png -1 0.118182 0.079646 -0.190909 -0.0707965
../data/samples48/part/1509071300566234652_001.png -1 0.114286 0.0190476 -0.161905 -0.0666667
../data/samples48/part/1509071299320414517_000.png -1 0.136364 0.0687023 -0.181818 -0.0916031
../data/samples48/part/1509071339559233514_002.png -1 0.176471 0.0925926 -0.156863 -0.0277778
../data/samples48/part/1509071336428394328_000.png -1 0.133333 0.0657895 -0.146667 -0.157895
../data/samples48/part/1509071376812950386_000.png -1 0.123457 0.012987 -0.160494 -0.0779221
../data/samples48/part/1509071355966453012_000.png -1 0.171171 0 -0.126126 -0.0720721
../data/samples48/part/1509071355966453012_001.png -1 0.150442 0.0442478 -0.159292 -0.0442478
../data/samples48/part/1509071367422835564_000.png -1 0.135135 -0.0135135 -0.202703 -0.0540541
../data/samples48/part/1509071367422835564_001.png -1 0.171429 -0.028169 -0.128571 -0.028169
../data/samples48/part/1509071367422835564_002.png -1 0.136986 0.0547945 -0.191781 0.0273973
../data/samples48/part/1509071322938886220_000.png -1 0.149533 0.0188679 -0.149533 -0.0471698
../data/samples48/part/1509071322938886220_001.png -1 0.12381 -0.0190476 -0.161905 -0.0761905
../data/samples48/part/1509071348089073346_000.png -1 0.109589 0.0273973 -0.150685 -0.0821918
../data/samples48/part/1509071348089073346_002.png -1 0.103896 0.105263 -0.194805 -0.0394737
../data/samples48/part/1509071316651136309_002.png -1 0.142857 0.0294118 -0.166667 -0.0147059
../data/samples48/part/1509071338651545987_005.png -1 0.129412 0.0851064 -0.141176 -0.0319149
../data/samples48/part/1509071366243345240_000.png -1 0.139241 0.0506329 -0.164557 -0.0506329
../data/samples48/part/1509071350500147340_000.png -1 0.171053 0.0823529 -0.131579 0
../data/samples48/part/1509071350500147340_002.png -1 0.2125 0.0731707 -0.125 0.0243902
../data/samples48/part/1509071349154811655_000.png -1 0.147059 0.0441176 -0.161765 -0.0735294
../data/samples48/part/1509071349154811655_001.png -1 0.153846 0.0307692 -0.123077 -0.0461538
../data/samples48/part/1509071349154811655_002.png -1 0.123077 0.0615385 -0.153846 -0.0153846
../data/samples48/part/1509071349154811655_004.png -1 0.164179 0.0746269 -0.134328 -0.0298507
../data/samples48/part/1509071346837777656_002.png -1 0.152941 0.0352941 -0.223529 -0.2
../data/samples48/part/1509071377964911581_000.png -1 0.171053 0.04 -0.184211 -0.0533333
../data/samples48/part/1509071377964911581_001.png -1 0.142857 0.0571429 -0.157143 0.0285714
../data/samples48/part/1509071365604162523_001.png -1 0.0963855 0.060241 -0.156627 -0.0963855
../data/samples48/part/1509071374713860213_000.png -1 0.120482 0.0240964 -0.144578 -0.0843373
../data/samples48/part/1509071374713860213_006.png -1 0.103448 0.0909091 -0.195402 -0.0681818
../data/samples48/part/1509071365149579912_001.png -1 0.0813954 0.0930233 -0.186047 -0.0930233
../data/samples48/part/1509071361536885782_002.png -1 0.107143 0.0705882 -0.214286 -0.141176
../data/samples48/part/1509071300934565806_001.png -1 0.184783 0.0194175 -0.076087 -0.0873786
../data/samples48/part/1509071308210686357_000.png -1 0.146552 0.026087 -0.172414 -0.0608696
../data/samples48/part/1509071369651236925_000.png -1 0.127119 0.0672269 -0.169492 -0.0504202
../data/samples48/part/1509071369651236925_003.png -1 0.13913 0.0782609 -0.13913 -0.00869565
../data/samples48/part/1509071351168228895_000.png -1 0.137931 0.0549451 -0.172414 -0.010989
../data/samples48/part/1509071310195556143_000.png -1 0.149123 0.0614035 -0.140351 -0.0526316
../data/samples48/part/1509071310195556143_001.png -1 0.105263 0.0701754 -0.184211 -0.0438596
../data/samples48/part/1509071374194920054_001.png -1 0.113636 0.0340909 -0.136364 -0.0795455
../data/samples48/part/1509071374194920054_003.png -1 0.0978261 0.0434783 -0.184783 -0.108696
../data/samples48/part/1509071370265968828_001.png -1 0.0491803 0.139344 -0.196721 0.0245902
../data/samples48/part/1509071370265968828_002.png -1 0.144 0.104 -0.12 -0.032
../data/samples48/part/1509071341295991122_000.png -1 0.118644 0.0504202 -0.161017 -0.0504202
../data/samples48/part/1509071359136108509_000.png -1 0.130841 0.046729 -0.168224 -0.0560748
../data/samples48/part/1509071360076938132_002.png -1 0.091954 0.0114943 -0.149425 -0.126437
../data/samples48/part/1509071354601571249_001.png -1 0.119266 0.0363636 -0.165138 -0.0545455
../data/samples48/part/1509071321180708967_000.png -1 0.119565 0.0108696 -0.152174 -0.0869565
../data/samples48/part/1509071321180708967_001.png -1 0.141414 0.0210526 -0.181818 -0.105263
../data/samples48/part/1509071321180708967_002.png -1 0.117021 0.0638298 -0.170213 -0.0531915
../data/samples48/part/1509071361385232052_000.png -1 0.113924 0.0632911 -0.126582 -0.0759494
../data/samples48/part/1509071361385232052_003.png -1 0.0365854 0.0487805 -0.231707 -0.121951
../data/samples48/part/1509071327023134964_000.png -1 0.11 0.0594059 -0.18 -0.029703
../data/samples48/part/1509071327023134964_001.png -1 0.176471 0.00980392 -0.127451 -0.0882353
../data/samples48/part/1509071327023134964_002.png -1 0.13 0.030303 -0.16 -0.040404
../data/samples48/part/1509071327023134964_004.png -1 0.188119 0.039604 -0.108911 -0.049505
../data/samples48/part/1509071337404315950_000.png -1 0.0933333 0.0810811 -0.173333 -0.108108
../data/samples48/part/1509071337404315950_002.png -1 0.0684932 0.0821918 -0.178082 -0.0958904
../data/samples48/part/1509071334140273626_000.png -1 0.09375 -0.031746 -0.15625 -0.0952381
../data/samples48/part/1509071334140273626_001.png -1 0.1 0.0428571 -0.214286 -0.114286
../data/samples48/part/1509071367853086845_000.png -1 0.150685 0.0273973 -0.178082 -0.0410959
../data/samples48/part/1509071367853086845_002.png -1 0.169014 0.084507 -0.140845 0.0422535
../data/samples48/part/1509071321090010477_002.png -1 0.144231 0.0520833 -0.221154 -0.0833333
../data/samples48/part/1509071381564988972_003.png -1 0.140351 0.110169 -0.149123 -0.0254237
../data/samples48/part/1509071307876580069_001.png -1 0.125 0.0353982 -0.169643 -0.0353982
../data/samples48/part/1509071357246342698_000.png -1 0.121495 0.0747664 -0.196262 -0.0560748
../data/samples48/part/1509071311017061822_000.png -1 0.103448 0.042735 -0.206897 -0.0940171
../data/samples48/part/1509071321635050678_000.png -1 0.09375 0.0515464 -0.177083 -0.0412371
../data/samples48/part/1509071321635050678_003.png -1 0.108911 0.0309278 -0.19802 -0.0618557
../data/samples48/part/1509071335603514650_000.png -1 0.121622 0.0547945 -0.148649 -0.0958904
../data/samples48/part/1509071335603514650_002.png -1 0.133333 0.0810811 -0.146667 -0.0810811
../data/samples48/part/1509071363811788025_002.png -1 0.123288 0.0410959 -0.178082 -0.0958904
../data/samples48/part/1509071363811788025_003.png -1 0.0454545 -0.0757576 -0.181818 -0.121212
../data/samples48/part/1509071363811788025_004.png -1 0.106667 0 -0.213333 -0.16
../data/samples48/part/1509071362538417216_001.png -1 0.130952 0.0714286 -0.190476 -0.142857
../data/samples48/part/1509071308421170686_000.png -1 0.171171 0.036036 -0.135135 -0.045045
../data/samples48/part/1509071372062127754_003.png -1 0.126866 0.0526316 -0.186567 -0.0676692
../data/samples48/part/1509071372582269283_000.png -1 0.128205 0.025641 -0.145299 -0.0683761
../data/samples48/part/1509071346346692553_000.png -1 0.153846 0.0512821 -0.153846 -0.115385
../data/samples48/part/1509071369681633010_000.png -1 0.144068 0.0672269 -0.177966 -0.0588235
../data/samples48/part/1509071345372694281_002.png -1 0.123457 0.0246914 -0.17284 -0.0493827
../data/samples48/part/1509071345372694281_002.png -1 0.123457 0.0246914 -0.17284 -0.0493827
