../data/samples48/positive/1509071331219445276_000.png 1 0.105263 -0.0461538 -0.105263 -0.0153846
../data/samples48/positive/1509071331219445276_001.png 1 0.0294118 0 -0.0882353 -0.0147059
../data/samples48/positive/1509071331219445276_003.png 1 0.0441176 0.0441176 -0.0735294 0.0294118
../data/samples48/positive/1509071365483395535_000.png 1 0.0632911 0.0126582 -0.126582 -0.0759494
../data/samples48/positive/1509071365483395535_001.png 1 0.0131579 0 -0.144737 -0.0526316
../data/samples48/positive/1509071365483395535_002.png 1 0.0547945 -0.0138889 -0.0684932 -0.0138889
../data/samples48/positive/1509071314705137101_000.png 1 0.154639 0.0140845 -0.14433 0
../data/samples48/positive/1509071314705137101_001.png 1 0.141304 -0.0769231 -0.119565 0
../data/samples48/positive/1509071314705137101_002.png 1 0.0714286 0.125 -0.119048 0
../data/samples48/positive/1509071303984321570_000.png 1 0.0454545 0.0151515 -0.136364 -0.0757576
../data/samples48/positive/1509071303984321570_002.png 1 0.03125 0.0461538 -0.125 -0.0307692
../data/samples48/positive/1509071303432841679_001.png 1 0.0483871 0 -0.129032 -0.0634921
../data/samples48/positive/1509071303432841679_002.png 1 0.0634921 0.0634921 -0.126984 0
../data/samples48/positive/1509071339865913619_001.png 1 0.144231 0.0384615 -0.125 -0.00961538
../data/samples48/positive/1509071318236379038_000.png 1 0.0428571 -0.0677966 -0.157143 -0.0169492
../data/samples48/positive/1509071318236379038_001.png 1 0.0149254 0.015625 -0.149254 -0.015625
../data/samples48/positive/1509071318236379038_002.png 1 0.0447761 0.0597015 -0.119403 -0.0149254
../data/samples48/positive/1509071371939267444_000.png 1 0.111111 0.015873 -0.119048 -0.0634921
../data/samples48/positive/1509071371939267444_002.png 1 0.0840336 0.00840336 -0.10084 -0.0168067
../data/samples48/positive/1509071371939267444_003.png 1 0.0703125 0.0620155 -0.171875 -0.0387597
../data/samples48/positive/1509071340137540204_001.png 1 0.150943 0.0190476 -0.0754717 -0.0190476
../data/samples48/positive/1509071340137540204_002.png 1 0.0961538 -0.0288462 -0.115385 -0.0576923
../data/samples48/positive/1509071340137540204_003.png 1 0.12844 0.0642202 -0.119266 -0.00917431
../data/samples48/positive/1509071363084116501_000.png 1 0.0547945 0 -0.150685 -0.0675676
../data/samples48/positive/1509071363084116501_001.png 1 0.0434783 0 -0.115942 0
../data/samples48/positive/1509071363084116501_003.png 1 0.0144928 -0.057971 -0.144928 -0.057971
../data/samples48/positive/1509071361204133333_001.png 1 0.0289855 0 -0.0869565 -0.0434783
../data/samples48/positive/1509071361204133333_002.png 1 0.0138889 0.0136986 -0.138889 -0.0821918
../data/samples48/positive/1509071361204133333_003.png 1 -0.0441176 0.057971 -0.147059 0.0144928
../data/samples48/positive/1509071361204133333_004.png 1 0 0.0147059 -0.102941 -0.0147059
../data/samples48/positive/1509071375538499247_000.png 1 0.0410959 0.0136986 -0.150685 -0.0410959
../data/samples48/positive/1509071375538499247_002.png 1 0.0833333 0 -0.0972222 -0.0416667
../data/samples48/positive/1509071375538499247_004.png 1 0 0.0277778 -0.180556 -0.0138889
../data/samples48/positive/1509071325618553681_000.png 1 0.0825688 0.0550459 -0.146789 -0.0550459
../data/samples48/positive/1509071325618553681_001.png 1 0.0679612 0.0291262 -0.116505 -0.0291262
../data/samples48/positive/1509071325373096344_000.png 1 0.113043 0.0526316 -0.121739 -0.0614035
../data/samples48/positive/1509071325373096344_001.png 1 0.0666667 0.0190476 -0.0952381 -0.0190476
../data/samples48/positive/1509071325373096344_002.png 1 0.0618557 -0.0412371 -0.0309278 0
../data/samples48/positive/1509071343852432638_001.png 1 0.0697674 0 -0.162791 0.0348837
../data/samples48/positive/1509071343852432638_002.png 1 0.0705882 -0.0352941 -0.152941 0.0117647
../data/samples48/positive/1509071343852432638_003.png 1 0.0833333 -0.0238095 -0.130952 0.0357143
../data/samples48/positive/1509071343852432638_004.png 1 0.0888889 -0.0222222 -0.177778 -0.0333333
../data/samples48/positive/1509071370143959749_000.png 1 0.0991736 0.00826446 -0.14876 -0.0826446
../data/samples48/positive/1509071370143959749_002.png 1 0.0277778 0 -0.12963 0.0185185
../data/samples48/positive/1509071366877136801_001.png 1 0.123288 0.0136986 -0.123288 -0.0410959
../data/samples48/positive/1509071366877136801_002.png 1 0.056338 0.0422535 -0.169014 0.0140845
../data/samples48/positive/1509071366877136801_003.png 1 0.0142857 0.057971 -0.2 0.057971
../data/samples48/positive/1509071363781659109_000.png 1 0.0447761 0 -0.164179 -0.0149254
../data/samples48/positive/1509071363781659109_001.png 1 0.0615385 -0.0615385 -0.123077 -0.0461538
../data/samples48/positive/1509071363781659109_003.png 1 0.0694444 0.0277778 -0.194444 -0.0555556
../data/samples48/positive/1509071363781659109_004.png 1 0.0895522 0.104478 -0.119403 0.0895522
../data/samples48/positive/1509071363781659109_005.png 1 0.030303 -0.0597015 -0.166667 -0.0746269
../data/samples48/positive/1509071377360605835_001.png 1 0.142857 -0.028169 -0.0857143 -0.0140845
../data/samples48/positive/1509071377360605835_002.png 1 0.133333 0.0533333 -0.146667 0.0133333
../data/samples48/positive/1509071377360605835_003.png 1 0.164384 0.0410959 -0.0958904 0.0273973
../data/samples48/positive/1509071377360605835_004.png 1 0.111111 0.0694444 -0.138889 0.0694444
../data/samples48/positive/1509071303100791999_000.png 1 0.0983607 -0.0166667 -0.114754 -0.0166667
../data/samples48/positive/1509071303100791999_001.png 1 0.0491803 0.0166667 -0.163934 0.0166667
../data/samples48/positive/1509071314216912005_000.png 1 0.102273 -0.0694444 -0.136364 0.0138889
../data/samples48/positive/1509071314216912005_001.png 1 0.153061 0 -0.163265 0.012987
../data/samples48/positive/1509071314216912005_002.png 1 0.097561 -0.0694444 -0.0853659 0.0138889
../data/samples48/positive/1509071325555680848_001.png 1 0.0490196 0.0196078 -0.127451 -0.0294118
../data/samples48/positive/1509071325555680848_002.png 1 0.0454545 -0.0344828 0 0.0804598
../data/samples48/positive/1509071325555680848_004.png 1 0.0471698 0.0283019 -0.160377 -0.0566038
../data/samples48/positive/1509071331464428445_000.png 1 0.0422535 -0.0634921 -0.0985916 -0.0634921
../data/samples48/positive/1509071331464428445_001.png 1 -0.0163934 -0.0163934 -0.0163934 0.0163934
../data/samples48/positive/1509071345222475891_000.png 1 0.0909091 0.012987 -0.168831 -0.0779221
../data/samples48/positive/1509071345222475891_001.png 1 0.0533333 0.0135135 -0.186667 -0.0405405
../data/samples48/positive/1509071345222475891_002.png 1 0.0933333 0.04 -0.146667 -0.0266667
../data/samples48/positive/1509071345222475891_003.png 1 0 0.0428571 -0.173913 0.0428571
../data/samples48/positive/1509071307967292395_000.png 1 0.12037 0.0185185 -0.111111 -0.0462963
../data/samples48/positive/1509071307967292395_002.png 1 0.0421053 -0.0315789 -0.0842105 0.0315789
../data/samples48/positive/1509071316101298100_000.png 1 0.0769231 -0.046875 -0.102564 0.015625
../data/samples48/positive/1509071316101298100_001.png 1 0.0289855 0.0147059 -0.0434783 0.0147059
../data/samples48/positive/1509071316101298100_002.png 1 -0.028169 0.0289855 -0.126761 0.0144928
../data/samples48/positive/1509071316101298100_003.png 1 0.08 0.056338 -0.0666667 0.0140845
../data/samples48/positive/1509071373012431611_001.png 1 0.126316 -0.0106383 -0.0842105 -0.0425532
../data/samples48/positive/1509071373012431611_002.png 1 0.0421053 0.0208333 -0.168421 -0.03125
../data/samples48/positive/1509071373012431611_003.png 1 0.0357143 -0.0352941 -0.0714286 0.0352941
../data/samples48/positive/1509071373012431611_004.png 1 0.138298 0.0526316 -0.0638298 0.0105263
../data/samples48/positive/1509071373012431611_005.png 1 0.103093 -0.0103093 -0.123711 -0.0721649
../data/samples48/positive/1509071373012431611_006.png 1 0.122449 0 -0.112245 -0.0714286
../data/samples48/positive/1509071387427647982_000.png 1 0.0392157 0.046875 -0.127451 -0.046875
../data/samples48/positive/1509071387427647982_001.png 1 0.037037 0.0555556 -0.175926 -0.0238095
../data/samples48/positive/1509071387427647982_002.png 1 0.0363636 0.0243902 -0.190909 -0.0325203
../data/samples48/positive/1509071365574477231_001.png 1 0.0675676 0.0135135 -0.121622 -0.0405405
../data/samples48/positive/1509071365574477231_002.png 1 0.0810811 0 -0.108108 -0.0410959
../data/samples48/positive/1509071365027667955_000.png 1 0.0422535 -0.0422535 -0.126761 -0.0422535
../data/samples48/positive/1509071365027667955_001.png 1 0.08 0 -0.133333 -0.0533333
../data/samples48/positive/1509071365027667955_002.png 1 0.0821918 -0.0273973 -0.109589 -0.0547945
../data/samples48/positive/1509071365027667955_004.png 1 -0.0147059 -0.102941 -0.147059 -0.0588235
../data/samples48/positive/1509071359742072291_000.png 1 0.0978261 0.0108696 -0.119565 -0.0869565
../data/samples48/positive/1509071359742072291_001.png 1 0.0804598 0.0114943 -0.091954 -0.0344828
../data/samples48/positive/1509071359742072291_002.png 1 0.0740741 0.0121951 -0.037037 0.0243902
../data/samples48/positive/1509071359742072291_003.png 1 0.0795455 0.0568182 -0.102273 0
../data/samples48/positive/1509071359742072291_004.png 1 0.0769231 0.043956 -0.131868 -0.043956
../data/samples48/positive/1509071323946193884_001.png 1 0.104167 0.0210526 -0.0625 0.0210526
../data/samples48/positive/1509071323946193884_003.png 1 0.0227273 -0.0113636 -0.0681818 0.0681818
../data/samples48/positive/1509071323946193884_004.png 1 0.117647 0.0490196 -0.0980392 -0.0196078
../data/samples48/positive/1509071298190268772_001.png 1 0.163793 -0.00869565 -0.12069 -0.026087
../data/samples48/positive/1509071298190268772_002.png 1 0.153846 0.017094 -0.136752 -0.017094
../data/samples48/positive/1509071315435816780_000.png 1 0.125 0.015873 -0.147727 0.015873
../data/samples48/positive/1509071315435816780_001.png 1 0.0930233 -0.148148 -0.162791 0.0185185
../data/samples48/positive/1509071382958778676_000.png 1 0.1 0.0166667 -0.0916667 -0.00833333
../data/samples48/positive/1509071382958778676_001.png 1 0.097561 0.00813008 -0.113821 -0.0406504
../data/samples48/positive/1509071304863901717_000.png 1 0.108108 0.0289855 -0.135135 -0.0434783
../data/samples48/positive/1509071304863901717_001.png 1 0.084507 -0.0151515 -0.126761 -0.0454545
../data/samples48/positive/1509071304863901717_002.png 1 0.0869565 0 -0.101449 -0.0447761
../data/samples48/positive/1509071300566234652_002.png 1 0.135922 0.00980392 -0.126214 -0.0490196
../data/samples48/positive/1509071299320414517_001.png 1 0.106195 0.0442478 -0.0973451 0.0176991
../data/samples48/positive/1509071299320414517_002.png 1 0.106195 0.0707965 -0.0973451 0.0442478
../data/samples48/positive/1509071299320414517_003.png 1 0.0862069 0.0172414 -0.137931 -0.0344828
../data/samples48/positive/1509071380367380933_000.png 1 0.0833333 0.0824742 -0.0555556 0.0103093
../data/samples48/positive/1509071380367380933_001.png 1 0.185185 0.0229885 -0.0493827 0.0574713
../data/samples48/positive/1509071380367380933_002.png 1 0.175 0.0215054 -0.05 -0.0107527
../data/samples48/positive/1509071380367380933_003.png 1 0.185185 -0.0222222 -0.0493827 -0.0222222
../data/samples48/positive/1509071339559233514_000.png 1 0.134021 0.0408163 -0.164948 0.0102041
../data/samples48/positive/1509071339559233514_001.png 1 0.170213 0.0212766 -0.106383 0.0319149
../data/samples48/positive/1509071339559233514_003.png 1 0.135417 0.03125 -0.15625 0.0208333
../data/samples48/positive/1509071319995203143_000.png 1 0.0277778 -0.0447761 -0.166667 -0.0149254
../data/samples48/positive/1509071319995203143_001.png 1 0.0779221 -0.0294118 -0.168831 -0.0147059
../data/samples48/positive/1509071319995203143_002.png 1 0.0972222 0.0140845 -0.0972222 -0.0140845
../data/samples48/positive/1509071319995203143_003.png 1 0.0694444 0.0140845 -0.125 -0.0140845
../data/samples48/positive/1509071319995203143_004.png 1 0.03125 0.015625 -0.0625 0.09375
../data/samples48/positive/1509071336428394328_001.png 1 0.106061 0.030303 -0.0757576 -0.0757576
../data/samples48/positive/1509071336428394328_002.png 1 0.0461538 0.0757576 -0.123077 -0.030303
../data/samples48/positive/1509071336428394328_003.png 1 0.0769231 0.0615385 -0.0923077 -0.0307692
../data/samples48/positive/1509071336428394328_004.png 1 0.030303 0.0606061 -0.151515 -0.0454545
../data/samples48/positive/1509071336428394328_005.png 1 0.111111 0.0625 -0.031746 -0.015625
../data/samples48/positive/1509071376812950386_001.png 1 0.0434783 -0.0289855 -0.115942 -0.0144928
../data/samples48/positive/1509071376812950386_002.png 1 0.0147059 0 -0.132353 0.0144928
../data/samples48/positive/1509071303131552345_000.png 1 0.0666667 -0.0166667 -0.0833333 -0.0333333
../data/samples48/positive/1509071303131552345_001.png 1 0.109375 0.03125 -0.09375 -0.046875
../data/samples48/positive/1509071355966453012_002.png 1 0.133333 0.0190476 -0.12381 0
../data/samples48/positive/1509071355966453012_003.png 1 0.113402 -0.0206186 -0.0824742 0.0412371
../data/samples48/positive/1509071382868160145_000.png 1 0.120968 0.0725806 -0.120968 -0.016129
../data/samples48/positive/1509071382868160145_001.png 1 0.113821 0.0983607 -0.121951 0.0245902
../data/samples48/positive/1509071382868160145_002.png 1 0.0973451 -0.0176991 -0.0707965 -0.0176991
../data/samples48/positive/1509071311445118166_000.png 1 0.0618557 0.0733945 -0.154639 -0.0550459
../data/samples48/positive/1509071311445118166_001.png 1 0.125 -0.0206186 -0.0833333 -0.0412371
../data/samples48/positive/1509071311445118166_002.png 1 0.0833333 0.0208333 -0.125 0.0104167
../data/samples48/positive/1509071311445118166_003.png 1 0.0736842 -0.0208333 -0.126316 -0.03125
../data/samples48/positive/1509071311445118166_004.png 1 0.0421053 0.0291262 -0.157895 -0.0485437
../data/samples48/positive/1509071367422835564_003.png 1 0.104478 -0.0147059 -0.164179 0.0294118
../data/samples48/positive/1509071322938886220_002.png 1 0.0526316 -0.0105263 -0.157895 0.0315789
../data/samples48/positive/1509071322938886220_003.png 1 0.103093 -0.0206186 -0.123711 0
../data/samples48/positive/1509071348089073346_001.png 1 0.106061 0.0298507 -0.0757576 0
../data/samples48/positive/1509071383717472743_000.png 1 0.0787402 0.0546875 -0.110236 -0.0234375
../data/samples48/positive/1509071383717472743_001.png 1 0.0894309 0.0162602 -0.0731707 -0.0243902
../data/samples48/positive/1509071383717472743_002.png 1 0.0495868 0.0495868 -0.0991736 0.0247934
../data/samples48/positive/1509071316651136309_000.png 1 0.106667 -0.0645161 -0.12 -0.016129
../data/samples48/positive/1509071316651136309_001.png 1 0.03125 0 -0.0625 0.015625
../data/samples48/positive/1509071316651136309_003.png 1 0.0428571 -0.0153846 -0.128571 -0.0153846
../data/samples48/positive/1509071316651136309_004.png 1 0.028169 -0.047619 -0.15493 -0.015873
../data/samples48/positive/1509071316651136309_005.png 1 0 0 -0.15942 -0.0151515
../data/samples48/positive/1509071338651545987_000.png 1 0.129412 0.0229885 -0.141176 -0.0229885
../data/samples48/positive/1509071338651545987_001.png 1 0.148148 -0.0246914 -0.0864198 0
../data/samples48/positive/1509071338651545987_002.png 1 0.139535 0.0449438 -0.139535 -0.0224719
../data/samples48/positive/1509071338651545987_003.png 1 0.130952 -0.047619 -0.130952 -0.0595238
../data/samples48/positive/1509071338651545987_004.png 1 0.129412 0.0337079 -0.141176 -0.0337079
../data/samples48/positive/1509071338651545987_006.png 1 0.148649 -0.0136986 -0.0135135 0.123288
../data/samples48/positive/1509071338651545987_007.png 1 0.075 0.0123457 -0.15 0.037037
../data/samples48/positive/1509071314338762006_000.png 1 0.119565 0 -0.173913 0.0133333
../data/samples48/positive/1509071314338762006_001.png 1 0.0963855 0.0131579 -0.120482 0.0131579
../data/samples48/positive/1509071314338762006_002.png 1 0.0963855 -0.0714286 -0.120482 0.0142857
../data/samples48/positive/1509071314338762006_003.png 1 0.0394737 -0.0273973 -0.105263 0.0136986
../data/samples48/positive/1509071314338762006_004.png 1 0.0253165 0 -0.151899 0.0133333
../data/samples48/positive/1509071366243345240_001.png 1 0.084507 0 -0.140845 0
../data/samples48/positive/1509071366243345240_002.png 1 0.133333 0.0394737 -0.133333 -0.0263158
../data/samples48/positive/1509071366243345240_003.png 1 0.0869565 0.0434783 -0.115942 0.0724638
../data/samples48/positive/1509071366243345240_004.png 1 0.101449 0 -0.101449 0.0142857
../data/samples48/positive/1509071388703562595_000.png 1 0.121495 0.046729 -0.130841 -0.046729
../data/samples48/positive/1509071388703562595_001.png 1 0.145631 0.0294118 -0.0776699 -0.0196078
../data/samples48/positive/1509071388703562595_002.png 1 0.0340909 -0.0681818 -0.0568182 0.0340909
../data/samples48/positive/1509071388703562595_003.png 1 0.125 0.0190476 -0.105769 -0.0571429
../data/samples48/positive/1509071350500147340_001.png 1 0.186667 0 -0.106667 0.04
../data/samples48/positive/1509071349154811655_003.png 1 0.15625 0.046875 -0.109375 -0.015625
../data/samples48/positive/1509071363661012968_000.png 1 0.0735294 -0.0147059 -0.132353 -0.0441176
../data/samples48/positive/1509071363661012968_001.png 1 0.0588235 0.0294118 -0.147059 0
../data/samples48/positive/1509071363661012968_002.png 1 0.0454545 -0.0454545 -0.136364 -0.0454545
../data/samples48/positive/1509071363661012968_003.png 1 0.109589 0.0410959 -0.150685 -0.0547945
../data/samples48/positive/1509071346837777656_000.png 1 0.0735294 0 -0.147059 -0.0441176
../data/samples48/positive/1509071346837777656_001.png 1 0.0793651 -0.046875 -0.0793651 -0.03125
../data/samples48/positive/1509071346837777656_003.png 1 0.0735294 -0.0294118 -0.147059 -0.0735294
../data/samples48/positive/1509071377964911581_002.png 1 0.0735294 0.0147059 -0.205882 0.0147059
../data/samples48/positive/1509071377964911581_003.png 1 0.0769231 0.0153846 -0.169231 0.0615385
../data/samples48/positive/1509071384172214224_000.png 1 0.0882353 0.0220588 -0.0882353 -0.0882353
../data/samples48/positive/1509071384172214224_001.png 1 0.0787402 0 -0.0393701 -0.0472441
../data/samples48/positive/1509071384172214224_002.png 1 0.0162602 -0.00813008 -0.0731707 -0.0243902
../data/samples48/positive/1509071384172214224_003.png 1 0 -0.0310078 -0.131783 -0.0930233
../data/samples48/positive/1509071365604162523_000.png 1 0.0405405 0.0135135 -0.121622 -0.0405405
../data/samples48/positive/1509071365604162523_002.png 1 0.0428571 0 -0.0714286 0
../data/samples48/positive/1509071365604162523_003.png 1 0.0694444 0.0833333 -0.0694444 0.0555556
../data/samples48/positive/1509071374713860213_001.png 1 0.0909091 0 -0.116883 -0.038961
../data/samples48/positive/1509071374713860213_002.png 1 0.075 0.0493827 -0.1625 -0.037037
../data/samples48/positive/1509071374713860213_003.png 1 0.0133333 0 -0.173333 -0.0133333
../data/samples48/positive/1509071374713860213_004.png 1 0.0649351 -0.0394737 -0.142857 -0.0657895
../data/samples48/positive/1509071374713860213_005.png 1 0.136986 0.0136986 -0.0273973 0.0273973
../data/samples48/positive/1509071322274026544_000.png 1 0.09 -0.01 -0.15 -0.07
../data/samples48/positive/1509071322274026544_001.png 1 0.0625 -0.03125 -0.145833 -0.0520833
../data/samples48/positive/1509071322274026544_002.png 1 0.0909091 -0.0408163 -0.141414 -0.0816327
../data/samples48/positive/1509071322274026544_003.png 1 0.0888889 -0.011236 -0.0666667 0.0449438
../data/samples48/positive/1509071332406674899_000.png 1 0.106667 -0.047619 -0.173333 -0.015873
../data/samples48/positive/1509071332406674899_001.png 1 0.0434783 -0.03125 -0.173913 -0.015625
../data/samples48/positive/1509071332406674899_002.png 1 0.0704225 0 -0.169014 -0.0151515
../data/samples48/positive/1509071332406674899_003.png 1 0.0441176 0.0294118 -0.161765 -0.0147059
../data/samples48/positive/1509071365149579912_000.png 1 0.027027 0.027027 -0.121622 -0.027027
../data/samples48/positive/1509071365149579912_002.png 1 0.0263158 0 -0.144737 -0.0789474
../data/samples48/positive/1509071365149579912_003.png 1 0.0273973 0 -0.109589 -0.0540541
../data/samples48/positive/1509071365149579912_004.png 1 0.0547945 0.0273973 -0.0821918 -0.0136986
../data/samples48/positive/1509071321604919657_000.png 1 0.113402 -0.0319149 -0.14433 -0.0638298
../data/samples48/positive/1509071321604919657_001.png 1 0.0842105 0 -0.157895 -0.0421053
../data/samples48/positive/1509071352653753372_000.png 1 0.141593 0.0357143 -0.141593 -0.0267857
../data/samples48/positive/1509071352653753372_001.png 1 0.101852 0 -0.148148 -0.0366972
../data/samples48/positive/1509071361536885782_000.png 1 0.084507 -0.028169 -0.112676 -0.084507
../data/samples48/positive/1509071361536885782_001.png 1 0.09375 0.0153846 -0.015625 0.0461538
../data/samples48/positive/1509071300934565806_000.png 1 0.107143 0.0849057 -0.0833333 -0.0471698
../data/samples48/positive/1509071300934565806_002.png 1 0.137931 0 -0.0804598 -0.0212766
../data/samples48/positive/1509071300934565806_003.png 1 0.137931 0.043956 -0.0804598 0.0549451
../data/samples48/positive/1509071309924651533_000.png 1 0.126126 0.027027 -0.126126 -0.0540541
../data/samples48/positive/1509071309924651533_001.png 1 0.0833333 0.0648148 -0.148148 0.00925926
../data/samples48/positive/1509071309924651533_002.png 1 0.105769 -0.0291262 -0.0961538 -0.038835
../data/samples48/positive/1509071309924651533_003.png 1 0.103093 -0.0618557 -0.0412371 -0.0103093
../data/samples48/positive/1509071299927894812_000.png 1 0.110169 0.0338983 -0.135593 -0.0508475
../data/samples48/positive/1509071299927894812_001.png 1 0.039604 -0.0294118 -0.0792079 0.0294118
../data/samples48/positive/1509071299927894812_002.png 1 0.0714286 0.0178571 -0.133929 -0.0178571
../data/samples48/positive/1509071299927894812_003.png 1 0.0940171 0.0172414 -0.145299 -0.0517241
../data/samples48/positive/1509071308210686357_001.png 1 0.102804 -0.0280374 -0.158879 -0.046729
../data/samples48/positive/1509071308210686357_002.png 1 0.12381 0 -0.12381 0
../data/samples48/positive/1509071308210686357_003.png 1 0.0957447 -0.0430108 -0.0638298 0.0860215
../data/samples48/positive/1509071308210686357_004.png 1 0.0784314 0 -0.147059 0.039604
../data/samples48/positive/1509071369651236925_001.png 1 0.141593 0.0265487 -0.123894 -0.0442478
../data/samples48/positive/1509071369651236925_002.png 1 0.157407 -0.0185185 -0.0740741 -0.0462963
../data/samples48/positive/1509071369651236925_004.png 1 0.110092 -0.0277778 -0.12844 -0.0555556
../data/samples48/positive/1509071351168228895_001.png 1 0.154762 -0.0119048 -0.130952 0
../data/samples48/positive/1509071351168228895_002.png 1 0.107143 0.0361446 -0.178571 0.060241
../data/samples48/positive/1509071310195556143_002.png 1 0.113208 0.00943396 -0.122642 -0.0377358
../data/samples48/positive/1509071379909206786_000.png 1 0.144928 0.0989011 -0.0144928 0
../data/samples48/positive/1509071379909206786_001.png 1 0.144928 0.0394737 -0.0144928 0.118421
../data/samples48/positive/1509071379909206786_002.png 1 0.144928 0.0918367 -0.0144928 -0.0714286
../data/samples48/positive/1509071379909206786_003.png 1 0.132353 0.0243902 -0.0147059 0.0243902
../data/samples48/positive/1509071379909206786_004.png 1 0.144928 0.0113636 -0.0144928 -0.0568182
../data/samples48/positive/1509071379909206786_005.png 1 0.0923077 0.120482 -0.0153846 0.108434
../data/samples48/positive/1509071374194920054_000.png 1 0.0823529 -0.0119048 -0.141176 -0.0833333
../data/samples48/positive/1509071374194920054_002.png 1 0.0625 -0.05 -0.1125 -0.075
../data/samples48/positive/1509071374194920054_004.png 1 0.0689655 0.0114943 -0.172414 -0.091954
../data/samples48/positive/1509071374194920054_005.png 1 0.0930233 0.0581395 -0.139535 -0.0348837
../data/samples48/positive/1509071361325047896_000.png 1 0.0886076 0.0379747 -0.101266 -0.101266
../data/samples48/positive/1509071361325047896_001.png 1 -0.0147059 -0.0294118 -0.0735294 -0.0294118
../data/samples48/positive/1509071361325047896_002.png 1 0 -0.0147059 -0.0588235 -0.0147059
../data/samples48/positive/1509071361325047896_003.png 1 -0.119403 0.0294118 -0.164179 0.0294118
../data/samples48/positive/1509071361325047896_004.png 1 0.0746269 0.0149254 0.0298507 0.0298507
../data/samples48/positive/1509071370265968828_000.png 1 0.122951 0.0655738 -0.122951 -0.0491803
../data/samples48/positive/1509071341295991122_001.png 1 0.136364 0.00900901 -0.0909091 -0.027027
../data/samples48/positive/1509071339437801117_000.png 1 0.122222 0.0849057 -0.133333 -0.0188679
../data/samples48/positive/1509071339437801117_001.png 1 0.168421 -0.0210526 -0.126316 -0.0210526
../data/samples48/positive/1509071339437801117_002.png 1 0.144444 -0.0222222 -0.111111 0.0333333
../data/samples48/positive/1509071339437801117_003.png 1 0.131868 0.043956 -0.131868 0.0879121
../data/samples48/positive/1509071339437801117_004.png 1 0.11236 0.0510204 -0.134831 0.0204082
../data/samples48/positive/1509071339437801117_005.png 1 0.150538 0.0104167 -0.129032 0
../data/samples48/positive/1509071359136108509_001.png 1 0.102041 0.0102041 -0.132653 -0.0102041
../data/samples48/positive/1509071359136108509_002.png 1 0.119565 0 -0.0652174 0.0434783
../data/samples48/positive/1509071359136108509_003.png 1 0.122449 -0.0206186 -0.112245 -0.0309278
../data/samples48/positive/1509071359136108509_004.png 1 0.0824742 0.0104167 -0.14433 0.0104167
../data/samples48/positive/1509071360076938132_000.png 1 0.0941176 0.0235294 -0.129412 -0.0941176
../data/samples48/positive/1509071360076938132_001.png 1 0.0649351 -0.025974 -0.0779221 -0.0519481
../data/samples48/positive/1509071360076938132_003.png 1 0.0675676 0.0136986 -0.0405405 0.0410959
../data/samples48/positive/1509071360076938132_004.png 1 0.0625 0.0125 -0.1125 -0.05
../data/samples48/positive/1509071360076938132_005.png 1 0.0519481 0.025974 -0.0909091 0
../data/samples48/positive/1509071354601571249_000.png 1 0.166667 0.046729 -0.111111 -0.0186916
../data/samples48/positive/1509071354601571249_002.png 1 0.116505 0.038835 -0.126214 0.00970874
../data/samples48/positive/1509071354601571249_003.png 1 0.128713 0.029703 -0.0990099 0.019802
../data/samples48/positive/1509071354601571249_004.png 1 0.122222 -0.0444444 -0.0111111 0.0666667
../data/samples48/positive/1509071359561937661_000.png 1 0.105263 0.0105263 -0.136842 -0.0736842
../data/samples48/positive/1509071359561937661_001.png 1 0.0777778 -0.0337079 -0.122222 -0.0561798
../data/samples48/positive/1509071359561937661_002.png 1 0.111111 -0.021978 -0.0888889 -0.0659341
../data/samples48/positive/1509071359561937661_003.png 1 0.091954 0 -0.0804598 0.0116279
../data/samples48/positive/1509071359561937661_004.png 1 0.0568182 -0.0227273 -0.125 -0.0340909
../data/samples48/positive/1509071359561937661_005.png 1 0.0752688 0.0430108 -0.150538 -0.0215054
../data/samples48/positive/1509071359561937661_006.png 1 -0.0235294 0.0119048 -0.176471 0.047619
../data/samples48/positive/1509071359561937661_007.png 1 0.1 0.011236 -0.1 -0.011236
../data/samples48/positive/1509071345010906965_000.png 1 0.0779221 -0.025974 -0.142857 -0.0649351
../data/samples48/positive/1509071345010906965_001.png 1 0.116883 0.012987 -0.103896 -0.025974
../data/samples48/positive/1509071345010906965_002.png 1 0.1 0.0125 -0.15 -0.0625
../data/samples48/positive/1509071380491357079_000.png 1 0.139535 0.08 -0.127907 -0.01
../data/samples48/positive/1509071380491357079_001.png 1 0.168539 0.0107527 -0.123596 -0.0107527
../data/samples48/positive/1509071380491357079_002.png 1 0.149425 0.0510204 -0.126437 -0.0204082
../data/samples48/positive/1509071380491357079_003.png 1 0.149425 -0.0229885 -0.126437 0.0229885
../data/samples48/positive/1509071380491357079_004.png 1 0.129412 0.0224719 -0.129412 0.0449438
../data/samples48/positive/1509071361385232052_001.png 1 0.0285714 -0.0428571 -0.114286 -0.0714286
../data/samples48/positive/1509071361385232052_002.png 1 0.0588235 -0.0294118 -0.0588235 -0.0294118
../data/samples48/positive/1509071361385232052_004.png 1 0.104478 0.0298507 0 0.0447761
../data/samples48/positive/1509071327023134964_003.png 1 0.104167 0 -0.15625 -0.0416667
../data/samples48/positive/1509071337404315950_001.png 1 0.047619 0.015873 -0.0793651 -0.031746
../data/samples48/positive/1509071337404315950_003.png 1 0.031746 0.031746 -0.0952381 -0.015873
../data/samples48/positive/1509071337404315950_004.png 1 0.0724638 0.101449 -0.130435 -0.0289855
../data/samples48/positive/1509071367853086845_001.png 1 0.179104 0.0149254 -0.0895522 0.0298507
../data/samples48/positive/1509071367853086845_003.png 1 0.161765 0.0294118 -0.117647 0.0294118
../data/samples48/positive/1509071367853086845_004.png 1 0.0746269 0.030303 -0.19403 0.0606061
../data/samples48/positive/1509071321090010477_000.png 1 0.11236 -0.0111111 -0.146067 -0.0888889
../data/samples48/positive/1509071321090010477_001.png 1 0.116279 0.045977 -0.116279 0
../data/samples48/positive/1509071321090010477_003.png 1 -0.038961 0 -0.181818 0.0641026
../data/samples48/positive/1509071336399027300_000.png 1 0.1 0.0285714 -0.142857 -0.0428571
../data/samples48/positive/1509071336399027300_001.png 1 0.104478 0.0447761 -0.104478 0.0149254
../data/samples48/positive/1509071336399027300_002.png 1 0.0447761 0.0447761 -0.164179 0.0149254
../data/samples48/positive/1509071336399027300_003.png 1 0.0151515 0.030303 -0.181818 0.0151515
../data/samples48/positive/1509071336399027300_004.png 1 0.0967742 0.016129 -0.0483871 0.0645161
../data/samples48/positive/1509071381564988972_000.png 1 0.100917 0.0803571 -0.155963 -0.00892857
../data/samples48/positive/1509071381564988972_001.png 1 0.134615 0.0192308 -0.0865385 0
../data/samples48/positive/1509071381564988972_002.png 1 0.0927835 -0.0206186 -0.0721649 0.0309278
../data/samples48/positive/1509071307876580069_000.png 1 0.171171 0.00900901 -0.117117 -0.045045
../data/samples48/positive/1509071307876580069_002.png 1 0.0588235 -0.00980392 -0.166667 0.0196078
../data/samples48/positive/1509071357246342698_001.png 1 0.122449 0 -0.132653 -0.0510204
../data/samples48/positive/1509071357246342698_002.png 1 0.163265 0.0102041 -0.0918367 -0.0408163
../data/samples48/positive/1509071357246342698_003.png 1 0.123711 0.0412371 -0.123711 0
../data/samples48/positive/1509071314612377728_000.png 1 0.107527 0 -0.150538 0
../data/samples48/positive/1509071314612377728_001.png 1 0.107143 -0.0923077 -0.0714286 0
../data/samples48/positive/1509071314612377728_002.png 1 0.114943 0.0779221 -0.091954 0
../data/samples48/positive/1509071385447261123_000.png 1 0.0930233 0.0155039 -0.0775194 -0.0542636
../data/samples48/positive/1509071385447261123_001.png 1 0.0534351 0.0534351 -0.129771 -0.0305344
../data/samples48/positive/1509071385447261123_002.png 1 0.0606061 0.0227273 -0.128788 -0.0681818
../data/samples48/positive/1509071385447261123_003.png 1 0.078125 0 -0.0859375 -0.0625
../data/samples48/positive/1509071311017061822_001.png 1 0.12 -0.04 -0.08 -0.03
../data/samples48/positive/1509071311017061822_002.png 1 0.0917431 0.0277778 -0.174312 -0.037037
../data/samples48/positive/1509071316896694484_000.png 1 0.101266 0 -0.139241 -0.0149254
../data/samples48/positive/1509071316896694484_001.png 1 0.08 -0.0806452 -0.12 -0.016129
../data/samples48/positive/1509071316896694484_002.png 1 0.0833333 0.0147059 -0.0833333 -0.0147059
../data/samples48/positive/1509071316896694484_003.png 1 0.056338 0.0147059 -0.0985916 -0.0147059
../data/samples48/positive/1509071321635050678_001.png 1 0.1 0 -0.122222 -0.032967
../data/samples48/positive/1509071321635050678_002.png 1 0.0744681 0.0319149 -0.180851 -0.0319149
../data/samples48/positive/1509071384110922430_000.png 1 0.103704 0.0148148 -0.118519 -0.0814815
../data/samples48/positive/1509071384110922430_001.png 1 0.0846154 0.0615385 -0.107692 0
../data/samples48/positive/1509071384110922430_002.png 1 -0.0714286 -0.045045 -0.133929 0.0540541
../data/samples48/positive/1509071335603514650_001.png 1 0.104478 0 -0.0895522 -0.0746269
../data/samples48/positive/1509071335603514650_003.png 1 0.057971 0.0147059 -0.15942 -0.0735294
../data/samples48/positive/1509071335603514650_004.png 1 0.130435 0.0434783 -0.0869565 -0.057971
../data/samples48/positive/1509071335603514650_005.png 1 -0.015873 0.047619 -0.15873 0.031746
../data/samples48/positive/1509071363811788025_000.png 1 0.0735294 0.0149254 -0.176471 -0.0447761
../data/samples48/positive/1509071363811788025_001.png 1 0.0625 0.03125 -0.140625 0.015625
../data/samples48/positive/1509071317350528546_000.png 1 0.0909091 0 -0.12987 0.015625
../data/samples48/positive/1509071317350528546_001.png 1 0.0547945 0.0588235 -0.123288 0.0147059
../data/samples48/positive/1509071317350528546_002.png 1 0.107143 0.030303 -0.178571 0.0151515
../data/samples48/positive/1509071317350528546_003.png 1 0.0810811 0.0857143 -0.108108 0.0142857
../data/samples48/positive/1509071362538417216_000.png 1 0.0298507 0 -0.119403 -0.0149254
../data/samples48/positive/1509071362538417216_002.png 1 0.0571429 -0.0142857 -0.128571 -0.0714286
../data/samples48/positive/1509071362538417216_003.png 1 0.057971 0 -0.115942 -0.0434783
../data/samples48/positive/1509071362538417216_004.png 1 0.0597015 0.0298507 -0.0895522 0.0149254
../data/samples48/positive/1509071305837607190_000.png 1 0.146341 -0.0131579 -0.134146 -0.0263158
../data/samples48/positive/1509071305837607190_001.png 1 0.0410959 0 -0.150685 0.0273973
../data/samples48/positive/1509071305837607190_002.png 1 0.0833333 0.0140845 -0.0972222 0.0704225
../data/samples48/positive/1509071305837607190_003.png 1 0.0666667 0.04 -0.146667 0.04
../data/samples48/positive/1509071305837607190_004.png 1 0.134146 0.0253165 -0.146341 -0.0253165
../data/samples48/positive/1509071308421170686_001.png 1 0.126214 0 -0.126214 -0.00970874
../data/samples48/positive/1509071308421170686_002.png 1 0.111111 -0.0333333 -0.0333333 0.1
../data/samples48/positive/1509071372062127754_000.png 1 0.126984 0.0396825 -0.142857 -0.031746
../data/samples48/positive/1509071372062127754_001.png 1 0.113821 0 -0.138211 -0.0487805
../data/samples48/positive/1509071372062127754_002.png 1 0.1 0.0416667 -0.133333 0.0166667
../data/samples48/positive/1509071328757305325_000.png 1 0.113636 0.0126582 -0.147727 -0.0126582
../data/samples48/positive/1509071328757305325_001.png 1 0.0675676 -0.130435 -0.0540541 -0.0144928
../data/samples48/positive/1509071328757305325_002.png 1 0.0909091 -0.04 -0.0649351 -0.0133333
../data/samples48/positive/1509071328757305325_003.png 1 0.0759494 -0.0833333 -0.101266 -0.0138889
../data/samples48/positive/1509071328757305325_004.png 1 0.08 0.0133333 -0.0533333 0.04
../data/samples48/positive/1509071372582269283_001.png 1 0.103774 -0.0188679 -0.0943396 -0.0188679
../data/samples48/positive/1509071372582269283_002.png 1 0.0869565 0.0608696 -0.173913 -0.0173913
../data/samples48/positive/1509071372582269283_003.png 1 0.123894 0.0265487 -0.123894 -0.0353982
../data/samples48/positive/1509071346346692553_001.png 1 0.0735294 -0.0147059 -0.132353 -0.0588235
../data/samples48/positive/1509071346346692553_002.png 1 0.084507 0.0277778 -0.15493 -0.0694444
../data/samples48/positive/1509071346346692553_003.png 1 0.144928 0.0144928 -0.0724638 -0.0434783
../data/samples48/positive/1509071363632226342_000.png 1 0.0724638 0 -0.144928 -0.0285714
../data/samples48/positive/1509071363632226342_001.png 1 0.0307692 -0.078125 -0.138462 -0.015625
../data/samples48/positive/1509071363632226342_002.png 1 0.111111 0 -0.138889 -0.0555556
../data/samples48/positive/1509071363632226342_003.png 1 0.0149254 0.0447761 -0.179104 0.0597015
../data/samples48/positive/1509071369681633010_001.png 1 0.144144 0.018018 -0.135135 -0.045045
../data/samples48/positive/1509071369681633010_002.png 1 0.174312 -0.00917431 -0.0917431 -0.0550459
../data/samples48/positive/1509071369681633010_003.png 1 0.114286 -0.00952381 -0.12381 -0.0190476
../data/samples48/positive/1509071370997412094_000.png 1 0.104839 0.0564516 -0.129032 -0.0403226
../data/samples48/positive/1509071370997412094_001.png 1 0.0894309 0.0487805 -0.138211 -0.0406504
../data/samples48/positive/1509071345372694281_000.png 1 0.0810811 -0.027027 -0.148649 -0.0135135
../data/samples48/positive/1509071345372694281_001.png 1 0.0694444 -0.0416667 -0.138889 0
../data/samples48/positive/1509071345372694281_003.png 1 0.108108 0 -0.121622 0.0135135
../data/samples48/positive/1509071345372694281_000.png 1 0.0810811 -0.027027 -0.148649 -0.0135135
../data/samples48/positive/1509071345372694281_001.png 1 0.0694444 -0.0416667 -0.138889 0
../data/samples48/positive/1509071345372694281_003.png 1 0.108108 0 -0.121622 0.0135135
